x = [1 -3 3 14 -10 12]
y = [12 6 0 -1 -10 2]
and = x&y
or = x|y
